Knife/train/Knife/level0_000000000000.jpg 26,80,917,682,0
Knife/train/Knife/level1_000000000001.jpg 171,22,886,575,0
Knife/train/Knife/level2_000000000002.jpg 145,136,942,626,0
Knife/train/Knife/level3_000000000003.jpg 22,231,997,396,0 192,436,856,550,0
Knife/train/Knife/level4_000000000004.jpg 19,315,322,981,0
Knife/train/Knife/level5_000000000005.jpg 620,224,892,535,0
Knife/train/Knife/level6_000000000006.jpg 539,296,848,574,0
Knife/train/Knife/level7_000000000007.jpg 594,306,1023,767,0
Knife/train/Knife/level8_000000000008.jpg 64,78,855,465,0 199,187,949,544,0 362,304,923,565,0
Knife/train/Knife/level9_000000000009.jpg 92,19,545,615,0 312,39,708,721,0
Knife/train/Knife/level10_000000000010.jpg 32,37,990,372,0
Knife/train/Knife/level11_000000000011.jpg 88,125,307,947,0 398,147,627,876,0 739,115,955,930,0
Knife/train/Knife/level12_000000000012.jpg 103,28,819,710,0
Knife/train/Knife/level13_000000000013.jpg 65,240,938,455,0
Knife/train/Knife/level14_000000000014.jpg 0,779,1022,1022,0
Knife/train/Knife/level15_000000000015.jpg 288,4,1023,245,0
Knife/train/Knife/level16_000000000016.jpg 392,203,700,257,0
Knife/train/Knife/level17_000000000017.jpg 63,162,979,314,0
Knife/train/Knife/level18_000000000018.jpg 50,245,1023,509,0
Knife/train/Knife/level19_000000000019.jpg 408,209,865,351,0
Knife/train/Knife/level20_000000000020.jpg 18,169,978,334,0 19,167,973,333,0
Knife/train/Knife/level21_000000000021.jpg 38,343,506,917,0
Knife/train/Knife/level22_000000000022.jpg 64,157,906,684,0
Knife/train/Knife/level23_000000000023.jpg 245,128,465,968,0
Knife/train/Knife/level24_000000000024.jpg 25,0,484,311,0
Knife/train/Knife/level25_000000000025.jpg 361,111,700,461,0
Knife/train/Knife/level26_000000000026.jpg 207,10,881,110,0
Knife/train/Knife/level27_000000000027.jpg 0,24,991,681,0
Knife/train/Knife/level28_000000000028.jpg 226,267,439,800,0
Knife/train/Knife/level29_000000000029.jpg 419,99,835,311,0
Knife/train/Knife/level30_000000000030.jpg 40,89,982,240,0
Knife/train/Knife/level31_000000000031.jpg 15,0,97,194,0 27,156,139,874,0 123,0,176,96,0 165,77,251,887,0 218,0,262,86,0 256,91,362,896,0 395,144,470,903,0 504,153,595,905,0 526,0,589,135,0 641,0,682,126,0 645,217,682,913,0
Knife/train/Knife/level32_000000000032.jpg 0,166,500,1022,0
Knife/train/Knife/level33_000000000033.jpg 20,0,1023,660,0
Knife/train/Knife/level34_000000000034.jpg 88,254,937,458,0
Knife/train/Knife/level35_000000000035.jpg 67,126,959,732,0
Knife/train/Knife/level36_000000000036.jpg 28,96,1002,269,0
Knife/train/Knife/level37_000000000037.jpg 45,57,970,396,0
Knife/train/Knife/level38_000000000038.jpg 0,298,537,596,0
Knife/train/Knife/level39_000000000039.jpg 316,393,1023,631,0
Knife/train/Knife/level40_000000000040.jpg 316,117,1023,323,0
Knife/train/Knife/level41_000000000041.jpg 471,316,678,514,0
Knife/train/Knife/level42_000000000042.jpg 44,279,1023,486,0
Knife/train/Knife/level43_000000000043.jpg 18,167,983,358,0
Knife/train/Knife/level44_000000000044.jpg 911,297,1023,681,0
Knife/train/Knife/level45_000000000045.jpg 625,252,939,572,0
Knife/train/Knife/level46_000000000046.jpg 121,200,309,888,0
Knife/train/Knife/level47_000000000047.jpg 41,124,981,564,0
Knife/train/Knife/level48_000000000048.jpg 118,166,924,561,0
Knife/train/Knife/level49_000000000049.jpg 847,65,1023,304,0
Knife/train/Knife/level50_000000000050.jpg 10,17,420,386,0
Knife/train/Knife/level51_000000000051.jpg 99,149,933,666,0
Knife/train/Knife/level52_000000000052.jpg 166,43,798,736,0
Knife/train/Knife/level53_000000000053.jpg 96,10,979,813,0
Knife/train/Knife/level54_000000000054.jpg 24,79,330,159,0
Knife/train/Knife/level55_000000000055.jpg 57,67,1008,671,0
Knife/train/Knife/level56_000000000056.jpg 64,90,972,635,0
Knife/train/Knife/level57_000000000057.jpg 23,28,1005,658,0
Knife/train/Knife/level58_000000000058.jpg 252,124,673,720,0 306,60,775,649,0
Knife/train/Knife/level59_000000000059.jpg 419,287,1023,682,0 436,251,1023,421,0 508,289,1023,523,0
Knife/train/Knife/level60_000000000060.jpg 294,257,632,771,0
Knife/train/Knife/level61_000000000061.jpg 738,106,842,592,0
Knife/train/Knife/level62_000000000062.jpg 462,64,947,673,0
Knife/train/Knife/level63_000000000063.jpg 364,1,542,1005,0 476,291,677,993,0
Knife/train/Knife/level64_000000000064.jpg 220,200,1023,503,0
Knife/train/Knife/level65_000000000065.jpg 0,227,1022,401,0
Knife/train/Knife/level66_000000000066.jpg 256,310,470,952,0
Knife/train/Knife/level67_000000000067.jpg 115,44,802,626,0
Knife/train/Knife/level68_000000000068.jpg 138,105,876,650,0
Knife/train/Knife/level69_000000000069.jpg 98,100,928,511,0
Knife/train/Knife/level70_000000000070.jpg 73,463,636,524,0 85,370,767,439,0 119,275,927,370,0
Knife/train/Knife/level71_000000000071.jpg 0,150,441,454,0 0,141,902,518,0
Knife/train/Knife/level72_000000000072.jpg 33,15,1001,661,0
Knife/train/Knife/level73_000000000073.jpg 85,62,929,725,0
Knife/train/Knife/level74_000000000074.jpg 364,120,880,550,0 78,563,391,794,0 150,458,478,692,0 155,373,731,642,0 163,771,468,995,0
Knife/train/Knife/level75_000000000075.jpg 60,240,942,487,0
Knife/train/Knife/level76_000000000076.jpg 0,71,885,526,0
Knife/train/Knife/level77_000000000077.jpg 292,293,910,443,0
Knife/train/Knife/level78_000000000078.jpg 152,242,965,742,0
Knife/train/Knife/level79_000000000079.jpg 376,231,931,615,0
Knife/train/Knife/level80_000000000080.jpg 869,214,995,590,0
Knife/train/Knife/level81_000000000081.jpg 181,142,894,659,0
Knife/train/Knife/level82_000000000082.jpg 10,408,938,616,0 257,258,792,354,0
Knife/train/Knife/level83_000000000083.jpg 515,160,1023,451,0
Knife/train/Knife/level84_000000000084.jpg 204,182,853,552,0
Knife/train/Knife/level85_000000000085.jpg 176,85,858,249,0
Knife/train/Knife/level86_000000000086.jpg 635,127,1023,677,0
Knife/train/Knife/level87_000000000087.jpg 0,507,832,952,0
Knife/train/Knife/level88_000000000088.jpg 201,202,731,598,0
Knife/train/Knife/level89_000000000089.jpg 47,17,980,635,0
Knife/train/Knife/level90_000000000090.jpg 385,572,763,724,0
Knife/train/Knife/level91_000000000091.jpg 531,254,1024,693,0 5,0,1023,767,0
Knife/train/Knife/level92_000000000092.jpg 81,62,986,468,0
Knife/train/Knife/level93_000000000093.jpg 725,604,859,952,0
Knife/train/Knife/level94_000000000094.jpg 476,9,1023,632,0
Knife/train/Knife/level95_000000000095.jpg 253,317,942,757,0
Knife/train/Knife/level96_000000000096.jpg 37,114,685,434,0
Knife/train/Knife/level97_000000000097.jpg 60,48,931,706,0
Knife/train/Knife/level98_000000000098.jpg 825,0,922,213,0
Knife/train/Knife/level99_000000000099.jpg 35,135,896,632,0
Knife/train/Knife/level100_000000000100.jpg 10,51,775,180,0 550,295,960,377,0
Knife/train/Knife/level101_000000000101.jpg 140,272,904,554,0
Knife/train/Knife/level102_000000000102.jpg 24,461,1019,584,0 91,262,899,362,0 167,112,818,199,0 924,288,1023,338,0 932,131,1023,179,0
Knife/train/Knife/level103_000000000103.jpg 13,167,1007,306,0
Knife/train/Knife/level104_000000000104.jpg 23,61,1023,555,0
Knife/train/Knife/level105_000000000105.jpg 35,359,1023,672,0
Knife/train/Knife/level106_000000000106.jpg 36,26,1023,703,0
Knife/train/Knife/level107_000000000107.jpg 0,0,1023,681,0
Knife/train/Knife/level108_000000000108.jpg 115,207,586,893,0
Knife/train/Knife/level109_000000000109.jpg 516,7,910,513,0
Knife/train/Knife/level110_000000000110.jpg 489,480,1023,671,0
Knife/train/Knife/level111_000000000111.jpg 47,124,513,624,0
Knife/train/Knife/level112_000000000112.jpg 90,0,986,684,0
Knife/train/Knife/level113_000000000113.jpg 361,0,624,682,0
Knife/train/Knife/level114_000000000114.jpg 110,213,603,502,0
Knife/train/Knife/level115_000000000115.jpg 206,39,1023,536,0
Knife/train/Knife/level116_000000000116.jpg 12,0,1023,681,0
Knife/train/Knife/level117_000000000117.jpg 103,63,888,734,0
Knife/train/Knife/level118_000000000118.jpg 170,12,927,659,0
Knife/train/Knife/level119_000000000119.jpg 160,254,816,699,0
Knife/train/Knife/level120_000000000120.jpg 99,91,1023,388,0
Knife/train/Knife/level121_000000000121.jpg 256,112,822,996,0
Knife/train/Knife/level122_000000000122.jpg 145,102,673,433,0
Knife/train/Knife/level123_000000000123.jpg 52,0,1023,650,0
Knife/train/Knife/level124_000000000124.jpg 69,179,985,767,0
Knife/train/Knife/level125_000000000125.jpg 0,44,984,680,0
Knife/train/Knife/level126_000000000126.jpg 39,192,1023,533,0
Knife/train/Knife/level127_000000000127.jpg 5,162,1022,644,0
Knife/train/Knife/level128_000000000128.jpg 7,483,401,539,0 11,425,410,483,0 22,540,389,579,0 22,592,400,641,0 96,358,974,433,0 401,473,1023,558,0 448,565,899,624,0
Knife/train/Knife/level129_000000000129.jpg 0,83,836,506,0
Knife/train/Knife/level130_000000000130.jpg 422,625,718,762,0
Knife/train/Knife/level131_000000000131.jpg 28,61,1006,697,0
Knife/train/Knife/level132_000000000132.jpg 106,138,933,671,0
Knife/train/Knife/level133_000000000133.jpg 0,268,762,493,0
Knife/train/Knife/level134_000000000134.jpg 210,154,632,606,0
Knife/train/Knife/level135_000000000135.jpg 10,686,958,811,0 17,306,600,382,0 35,539,1002,642,0 119,418,890,511,0 218,210,1006,296,0
Knife/train/Knife/level136_000000000136.jpg 226,227,951,432,0
Knife/train/Knife/level137_000000000137.jpg 157,77,386,938,0 410,63,533,936,0
Knife/train/Knife/level138_000000000138.jpg 37,241,977,368,0 569,389,915,507,0
Knife/train/Knife/level139_000000000139.jpg 162,383,1015,687,0
Knife/train/Knife/level140_000000000140.jpg 152,106,933,697,0
Knife/train/Knife/level141_000000000141.jpg 140,54,778,639,0
Knife/train/Knife/level142_000000000142.jpg 230,89,725,1022,0
Knife/train/Knife/level143_000000000143.jpg 36,0,1023,650,0
Knife/train/Knife/level144_000000000144.jpg 159,70,218,605,0
Knife/train/Knife/level145_000000000145.jpg 103,47,530,953,0
Knife/train/Knife/level146_000000000146.jpg 123,85,250,896,0 321,183,447,903,0 485,272,616,890,0 669,284,785,888,0 835,419,915,800,0
Knife/train/Knife/level147_000000000147.jpg 117,329,578,428,0
Knife/train/Knife/level148_000000000148.jpg 0,316,486,652,0
Knife/train/Knife/level149_000000000149.jpg 20,282,974,504,0
Knife/train/Knife/level150_000000000150.jpg 215,267,798,480,0
Knife/train/Knife/level151_000000000151.jpg 0,15,1005,519,0
Knife/train/Knife/level152_000000000152.jpg 53,0,1022,649,0
Knife/train/Knife/level153_000000000153.jpg 199,179,339,555,0 616,67,880,511,0
Knife/train/Knife/level154_000000000154.jpg 0,549,1023,779,0 79,0,903,443,0
Knife/train/Knife/level155_000000000155.jpg 22,231,451,474,0 71,67,239,194,0 138,428,477,595,0 141,892,595,988,0 143,756,598,848,0 171,641,536,712,0 253,56,395,184,0 523,561,709,766,0
Knife/train/Knife/level156_000000000156.jpg 92,91,972,716,0
Knife/train/Knife/level157_000000000157.jpg 0,104,945,419,0 0,297,1023,610,0
Knife/train/Knife/level158_000000000158.jpg 238,90,885,681,0
Knife/train/Knife/level159_000000000159.jpg 269,25,421,1018,0
Knife/train/Knife/level160_000000000160.jpg 75,81,882,260,0
Knife/train/Knife/level161_000000000161.jpg 104,479,1006,654,0
Knife/train/Knife/level162_000000000162.jpg 301,383,548,680,0
Knife/train/Knife/level163_000000000163.jpg 65,109,954,675,0
Knife/train/Knife/level164_000000000164.jpg 267,225,766,629,0
Knife/train/Knife/level165_000000000165.jpg 0,381,65,607,0 71,73,207,607,0 172,77,344,612,0 348,71,456,555,0 461,52,602,637,0 567,55,667,564,0 670,66,803,509,0 809,56,997,543,0
Knife/train/Knife/level166_000000000166.jpg 0,8,1023,680,0
Knife/train/Knife/level167_000000000167.jpg 2,0,341,401,0
Knife/train/Knife/level168_000000000168.jpg 488,401,1023,653,0
Knife/train/Knife/level169_000000000169.jpg 26,0,1023,673,0
Knife/train/Knife/level170_000000000170.jpg 97,312,1002,663,0
Knife/train/Knife/level171_000000000171.jpg 154,202,924,720,0
Knife/train/Knife/level172_000000000172.jpg 78,449,1009,651,0 91,303,924,487,0 104,173,814,322,0 138,47,802,182,0
Knife/train/Knife/level173_000000000173.jpg 141,181,933,572,0
Knife/train/Knife/level174_000000000174.jpg 5,144,1023,564,0 32,145,177,538,0 32,529,885,687,0 188,142,394,524,0 368,133,527,224,0 387,209,539,526,0 471,177,648,555,0 630,182,749,556,0 725,176,937,547,0 812,175,1023,551,0
Knife/train/Knife/level175_000000000175.jpg 118,32,929,611,0
Knife/train/Knife/level176_000000000176.jpg 307,0,742,547,0
Knife/train/Knife/level177_000000000177.jpg 172,248,337,676,0 705,238,834,731,0
Knife/train/Knife/level178_000000000178.jpg 243,12,364,703,0
Knife/train/Knife/level179_000000000179.jpg 533,0,1023,682,0
Knife/train/Knife/level180_000000000180.jpg 87,0,915,751,0
Knife/train/Knife/level181_000000000181.jpg 664,588,1023,1023,0
Knife/train/Knife/level182_000000000182.jpg 67,144,954,708,0
Knife/train/Knife/level183_000000000183.jpg 0,40,982,673,0
Knife/train/Knife/level184_000000000184.jpg 5,0,794,37,0 99,342,897,632,0 119,107,939,269,0 240,272,944,477,0 280,40,554,188,0
Knife/train/Knife/level185_000000000185.jpg 411,513,627,639,0
Knife/train/Knife/level186_000000000186.jpg 215,16,512,326,0 298,66,582,415,0 363,152,668,541,0 457,241,763,681,0
Knife/train/Knife/level187_000000000187.jpg 0,240,435,633,0 233,30,667,159,0
Knife/train/Knife/level188_000000000188.jpg 0,66,366,816,0
Knife/train/Knife/level189_000000000189.jpg 252,153,399,336,0
Knife/train/Knife/level190_000000000190.jpg 0,314,1011,529,0
Knife/train/Knife/level191_000000000191.jpg 119,58,957,699,0
Knife/train/Knife/level192_000000000192.jpg 212,265,238,392,0 445,0,606,166,0 544,215,986,440,0
Knife/train/Knife/level193_000000000193.jpg 26,12,1008,659,0
Knife/train/Knife/level194_000000000194.jpg 215,284,772,350,0
Knife/train/Knife/level195_000000000195.jpg 327,338,848,407,0
Knife/train/Knife/level196_000000000196.jpg 392,0,952,767,0
Knife/train/Knife/level197_000000000197.jpg 125,42,869,231,0 175,403,878,554,0 175,576,880,728,0 238,293,865,392,0
Knife/train/Knife/level198_000000000198.jpg 26,59,1004,735,0
Knife/train/Knife/level199_000000000199.jpg 190,297,743,370,0
Knife/train/Knife/level200_000000000200.jpg 107,189,570,594,0 606,35,790,810,0
Knife/train/Knife/level201_000000000201.jpg 0,33,986,620,0
Knife/train/Knife/level202_000000000202.jpg 9,165,957,496,0 234,70,1004,336,0 283,383,877,593,0
Knife/train/Knife/level203_000000000203.jpg 64,0,1023,679,0
Knife/train/Knife/level204_000000000204.jpg 28,42,972,655,0
Knife/train/Knife/level205_000000000205.jpg 243,203,934,388,0 0,0,1023,682,0 71,42,312,378,0
Knife/train/Knife/level206_000000000206.jpg 90,274,822,506,0
Knife/train/Knife/level207_000000000207.jpg 0,302,1023,571,0
Knife/train/Knife/level208_000000000208.jpg 14,253,1003,377,0 90,185,970,255,0 172,118,839,174,0 256,75,767,135,0 855,85,1023,123,0 863,128,1023,176,0 1002,198,1023,217,0
Knife/train/Knife/level209_000000000209.jpg 78,26,949,673,0
Knife/train/Knife/level210_000000000210.jpg 0,355,1024,507,0
Knife/train/Knife/level211_000000000211.jpg 12,10,1012,537,0
Knife/train/Knife/level212_000000000212.jpg 33,73,993,612,0 154,30,733,347,0
Knife/train/Knife/level213_000000000213.jpg 31,127,1023,382,0
Knife/train/Knife/level214_000000000214.jpg 71,110,979,366,0
Knife/train/Knife/level215_000000000215.jpg 29,188,721,449,0 131,317,756,495,0
Knife/train/Knife/level216_000000000216.jpg 11,23,996,668,0
Knife/train/Knife/level217_000000000217.jpg 74,111,928,736,0
Knife/train/Knife/level218_000000000218.jpg 0,0,1022,1022,0
Knife/train/Knife/level219_000000000219.jpg 28,12,1008,652,0
Knife/train/Knife/level220_000000000220.jpg 6,109,860,652,0 750,13,1005,430,0
Knife/train/Knife/level221_000000000221.jpg 90,115,958,712,0
Knife/train/Knife/level222_000000000222.jpg 97,84,931,698,0
Knife/train/Knife/level223_000000000223.jpg 65,22,1023,483,0
Knife/train/Knife/level224_000000000224.jpg 121,439,839,624,0
Knife/train/Knife/level225_000000000225.jpg 96,80,933,708,0
Knife/train/Knife/level226_000000000226.jpg 0,176,974,797,0
Knife/train/Knife/level227_000000000227.jpg 142,251,859,952,0
Knife/train/Knife/level228_000000000228.jpg 0,442,382,767,0 638,0,984,184,0
Knife/train/Knife/level229_000000000229.jpg 64,236,900,604,0
Knife/train/Knife/level230_000000000230.jpg 55,105,927,382,0
Knife/train/Knife/level231_000000000231.jpg 0,56,926,677,0
Knife/train/Knife/level232_000000000232.jpg 42,205,970,388,0 58,398,990,576,0
Knife/train/Knife/level233_000000000233.jpg 11,174,1011,663,0
Knife/train/Knife/level234_000000000234.jpg 202,137,933,709,0
Knife/train/Knife/level235_000000000235.jpg 803,122,1022,339,0
Knife/train/Knife/level236_000000000236.jpg 0,170,357,224,0 197,189,353,759,0 311,250,413,764,0 404,221,512,567,0
Knife/train/Knife/level237_000000000237.jpg 3,238,910,467,0
Knife/train/Knife/level238_000000000238.jpg 0,334,108,743,0 65,336,135,704,0 135,276,226,749,0 249,388,285,731,0 312,351,370,739,0 374,303,438,783,0 459,318,533,762,0 606,318,654,766,0 656,314,711,780,0 730,320,792,760,0 790,210,838,783,0 857,388,917,764,0 931,370,995,780,0
Knife/train/Knife/level239_000000000239.jpg 101,73,913,733,0
Knife/train/Knife/level240_000000000240.jpg 163,24,862,174,0
Knife/train/Knife/level241_000000000241.jpg 75,375,230,873,0
Knife/train/Knife/level242_000000000242.jpg 447,9,947,499,0
Knife/train/Knife/level243_000000000243.jpg 115,160,908,647,0
Knife/train/Knife/level244_000000000244.jpg 156,129,470,938,0
Knife/train/Knife/level245_000000000245.jpg 86,135,885,434,0 87,136,892,427,0 357,348,890,462,0 360,348,885,460,0
Knife/train/Knife/level246_000000000246.jpg 62,120,666,514,0
Knife/train/Knife/level247_000000000247.jpg 92,86,952,710,0
Knife/train/Knife/level248_000000000248.jpg 56,191,996,384,0
Knife/train/Knife/level249_000000000249.jpg 122,302,912,453,0
Knife/train/Knife/level250_000000000250.jpg 312,224,915,379,0
Knife/train/Knife/level251_000000000251.jpg 13,59,993,342,0
Knife/train/Knife/level252_000000000252.jpg 51,100,851,615,0
Knife/train/Knife/level253_000000000253.jpg 60,169,347,463,0
Knife/train/Knife/level254_000000000254.jpg 94,135,929,681,0
Knife/train/Knife/level255_000000000255.jpg 0,60,988,680,0
Knife/train/Knife/level256_000000000256.jpg 111,645,284,842,0
Knife/train/Knife/level257_000000000257.jpg 44,454,934,605,0
Knife/train/Knife/level258_000000000258.jpg 65,1,812,585,0
Knife/train/Knife/level259_000000000259.jpg 231,253,922,585,0
Knife/train/Knife/level260_000000000260.jpg 27,48,995,767,0
Knife/train/Knife/level261_000000000261.jpg 31,19,995,666,0
Knife/train/Knife/level262_000000000262.jpg 45,23,996,643,0
Knife/train/Knife/level263_000000000263.jpg 112,0,378,977,0
Knife/train/Knife/level264_000000000264.jpg 160,794,459,969,0
Knife/train/Knife/level265_000000000265.jpg 0,0,915,710,0
Knife/train/Knife/level266_000000000266.jpg 261,35,830,755,0
Knife/train/Knife/level267_000000000267.jpg 39,90,949,706,0
Knife/train/Knife/level268_000000000268.jpg 83,81,932,615,0
Knife/train/Knife/level269_000000000269.jpg 125,215,877,655,0
Knife/train/Knife/level270_000000000270.jpg 55,70,1011,476,0
Knife/train/Knife/level271_000000000271.jpg 112,450,834,940,0
Knife/train/Knife/level272_000000000272.jpg 64,126,1022,982,0
Knife/train/Knife/level273_000000000273.jpg 42,32,959,640,0
Knife/train/Knife/level274_000000000274.jpg 36,75,785,221,0
Knife/train/Knife/level275_000000000275.jpg 28,0,738,935,0
Knife/train/Knife/level276_000000000276.jpg 146,385,405,467,0
Knife/train/Knife/level277_000000000277.jpg 240,181,883,514,0
Knife/train/Knife/level278_000000000278.jpg 106,58,912,744,0
Knife/train/Knife/level279_000000000279.jpg 496,327,643,1005,0
Knife/train/Knife/level280_000000000280.jpg 2,101,288,196,0 0,31,272,108,0 0,305,309,386,0 0,406,314,479,0 0,504,316,585,0 1,225,271,285,0 363,543,697,628,0 408,0,766,30,0 411,318,750,404,0 417,204,746,289,0 423,82,758,156,0 762,71,1023,165,0 793,182,1023,239,0 794,266,1023,331,0 843,360,1023,407,0 844,440,1023,517,0
Knife/train/Knife/level281_000000000281.jpg 65,72,974,722,0
Knife/train/Knife/level282_000000000282.jpg 184,89,883,741,0
Knife/train/Knife/level283_000000000283.jpg 510,542,865,593,0
Knife/train/Knife/level284_000000000284.jpg 0,262,1022,506,0
Knife/train/Knife/level285_000000000285.jpg 461,143,1023,686,0
Knife/train/Knife/level286_000000000286.jpg 45,238,988,661,0
Knife/train/Knife/level287_000000000287.jpg 19,0,1023,660,0
Knife/train/Knife/level288_000000000288.jpg 40,56,582,432,0 664,17,1008,227,0 695,340,970,496,0
Knife/train/Knife/level289_000000000289.jpg 211,487,655,757,0 220,230,628,476,0 248,1,608,224,0 464,70,812,303,0 478,294,869,547,0
Knife/train/Knife/level290_000000000290.jpg 46,128,522,551,0
Knife/train/Knife/level291_000000000291.jpg 7,96,1011,552,0
Knife/train/Knife/level292_000000000292.jpg 212,208,371,767,0
Knife/train/Knife/level293_000000000293.jpg 0,0,958,767,0
Knife/train/Knife/level294_000000000294.jpg 219,157,1023,630,0
Knife/train/Knife/level295_000000000295.jpg 25,17,993,650,0
Knife/train/Knife/level296_000000000296.jpg 83,154,952,688,0
Knife/train/Knife/level297_000000000297.jpg 484,0,870,449,0
Knife/train/Knife/level298_000000000298.jpg 42,133,1006,660,0
Knife/train/Knife/level299_000000000299.jpg 236,0,372,459,0 347,5,517,499,0 498,62,670,584,0 638,117,849,669,0
Knife/train/Knife/level300_000000000300.jpg 123,294,995,443,0
Knife/train/Knife/level301_000000000301.jpg 124,138,933,537,0 124,134,935,537,0
Knife/train/Knife/level302_000000000302.jpg 71,156,922,690,0
Knife/train/Knife/level303_000000000303.jpg 31,12,1000,656,0
Knife/train/Knife/level304_000000000304.jpg 94,46,371,234,0 98,252,608,629,0 272,300,696,654,0 400,343,783,709,0 508,371,903,738,0
Knife/train/Knife/level305_000000000305.jpg 123,201,464,764,0 521,140,679,844,0
Knife/train/Knife/level306_000000000306.jpg 37,177,904,872,0
Knife/train/Knife/level307_000000000307.jpg 48,33,990,630,0
Knife/train/Knife/level308_000000000308.jpg 22,189,1003,269,0
Knife/train/Knife/level309_000000000309.jpg 173,105,877,692,0
Knife/train/Knife/level310_000000000310.jpg 64,0,1022,644,0
Knife/train/Knife/level311_000000000311.jpg 113,186,931,438,0
Knife/train/Knife/level312_000000000312.jpg 111,80,687,1023,0
Knife/train/Knife/level313_000000000313.jpg 128,125,949,717,0
Knife/train/Knife/level314_000000000314.jpg 0,116,822,369,0 51,225,946,462,0
Knife/train/Knife/level315_000000000315.jpg 77,11,842,587,0
Knife/train/Knife/level316_000000000316.jpg 119,401,629,724,0
Knife/train/Knife/level317_000000000317.jpg 218,344,1023,456,0
Knife/train/Knife/level318_000000000318.jpg 94,68,712,945,0
Knife/train/Knife/level319_000000000319.jpg 16,0,117,216,0
Knife/train/Knife/level320_000000000320.jpg 288,138,660,624,0
Knife/train/Knife/level321_000000000321.jpg 397,358,605,618,0 448,367,645,632,0
Knife/train/Knife/level322_000000000322.jpg 0,154,647,339,0 779,759,1022,914,0
Knife/train/Knife/level323_000000000323.jpg 36,43,1007,819,0
Knife/train/Knife/level324_000000000324.jpg 0,73,974,524,0
Knife/train/Knife/level325_000000000325.jpg 0,26,993,680,0
Knife/train/Knife/level326_000000000326.jpg 334,129,1023,367,0 336,382,873,547,0
Knife/train/Knife/level327_000000000327.jpg 11,0,551,234,0
Knife/train/Knife/level328_000000000328.jpg 85,129,967,708,0
Knife/train/Knife/level329_000000000329.jpg 247,452,828,634,0
Knife/train/Knife/level330_000000000330.jpg 83,94,960,636,0
Knife/train/Knife/level331_000000000331.jpg 0,34,995,680,0
Knife/train/Knife/level332_000000000332.jpg 177,247,734,503,0
Knife/train/Knife/level333_000000000333.jpg 250,85,860,704,0
Knife/train/Knife/level334_000000000334.jpg 34,25,912,371,0 119,139,980,241,0
Knife/train/Knife/level335_000000000335.jpg 187,227,853,359,0
Knife/train/Knife/level336_000000000336.jpg 6,456,935,607,0 91,294,931,438,0 196,159,907,285,0 220,37,896,161,0
Knife/train/Knife/level337_000000000337.jpg 571,119,778,188,0
Knife/train/Knife/level338_000000000338.jpg 275,2,609,767,0
Knife/train/Knife/level339_000000000339.jpg 54,237,860,537,0
Knife/train/Knife/level340_000000000340.jpg 38,25,946,592,0
Knife/train/Knife/level341_000000000341.jpg 78,215,1008,373,0
Knife/train/Knife/level342_000000000342.jpg 213,52,925,167,0 217,412,889,543,0 227,568,893,705,0 275,224,905,341,0
Knife/train/Knife/level343_000000000343.jpg 81,116,631,841,0
Knife/train/Knife/level344_000000000344.jpg 2,159,993,730,0
Knife/train/Knife/level345_000000000345.jpg 0,90,989,715,0
Knife/train/Knife/level346_000000000346.jpg 27,10,1007,650,0
Knife/train/Knife/level347_000000000347.jpg 72,91,963,717,0
Knife/train/Knife/level348_000000000348.jpg 35,17,1001,655,0
Knife/train/Knife/level349_000000000349.jpg 101,230,992,728,0
Knife/train/Knife/level350_000000000350.jpg 51,194,979,467,0 53,356,1022,661,0 97,26,871,287,0
Knife/train/Knife/level351_000000000351.jpg 0,0,1023,681,0
Knife/train/Knife/level352_000000000352.jpg 592,295,973,681,0
Knife/train/Knife/level353_000000000353.jpg 55,79,979,636,0
Knife/train/Knife/level354_000000000354.jpg 75,109,959,733,0
Knife/train/Knife/level355_000000000355.jpg 190,92,949,731,0
Knife/train/Knife/level356_000000000356.jpg 53,172,944,628,0
Knife/train/Knife/level357_000000000357.jpg 46,21,993,655,0
Knife/train/Knife/level358_000000000358.jpg 26,71,961,247,0
Knife/train/Knife/level359_000000000359.jpg 307,394,875,767,0
Knife/train/Knife/level360_000000000360.jpg 183,49,524,989,0
Knife/train/Knife/level361_000000000361.jpg 108,19,476,845,0 412,195,915,695,0
Knife/train/Knife/level362_000000000362.jpg 0,90,231,612,0
Knife/train/Knife/level363_000000000363.jpg 9,5,202,1023,0 144,0,319,985,0 295,0,442,869,0
Knife/train/Knife/level364_000000000364.jpg 12,24,612,511,0 21,544,997,950,0 612,21,971,404,0
Knife/train/Knife/level365_000000000365.jpg 0,41,975,682,0
Knife/train/Knife/level366_000000000366.jpg 0,4,988,662,0
Knife/train/Knife/level367_000000000367.jpg 56,219,896,425,0
Knife/train/Knife/level368_000000000368.jpg 31,19,1001,656,0
Knife/train/Knife/level369_000000000369.jpg 48,128,994,699,0
Knife/train/Knife/level370_000000000370.jpg 107,38,961,518,0
Knife/train/Knife/level371_000000000371.jpg 52,317,1020,423,0
Knife/train/Knife/level372_000000000372.jpg 445,334,1022,783,0
Knife/train/Knife/level373_000000000373.jpg 205,49,504,974,0
Knife/train/Knife/level374_000000000374.jpg 176,378,678,423,0 434,410,900,455,0 518,417,876,458,0 520,251,942,348,0
Knife/train/Knife/level375_000000000375.jpg 10,623,956,1018,0
Knife/train/Knife/level376_000000000376.jpg 446,621,687,974,0
Knife/train/Knife/level377_000000000377.jpg 82,33,995,737,0
Knife/train/Knife/level378_000000000378.jpg 26,87,981,446,0
Knife/train/Knife/level379_000000000379.jpg 0,0,1022,553,0
Knife/train/Knife/level380_000000000380.jpg 60,330,944,485,0
Knife/train/Knife/level381_000000000381.jpg 104,265,958,409,0
Knife/train/Knife/level382_000000000382.jpg 41,55,936,962,0
Knife/train/Knife/level383_000000000383.jpg 28,378,341,767,0 523,277,906,767,0
Knife/train/Knife/level384_000000000384.jpg 69,22,947,729,0
Knife/train/Knife/level385_000000000385.jpg 903,0,1019,618,0
Knife/train/Knife/level386_000000000386.jpg 0,463,312,728,0
Knife/train/Knife/level387_000000000387.jpg 31,41,1000,741,0
Knife/train/Knife/level388_000000000388.jpg 49,129,949,730,0
Knife/train/Knife/level389_000000000389.jpg 104,180,670,903,0
Knife/train/Knife/level390_000000000390.jpg 184,87,634,681,0
Knife/train/Knife/level391_000000000391.jpg 45,8,1023,535,0
Knife/train/Knife/level392_000000000392.jpg 21,36,1011,628,0
Knife/train/Knife/level393_000000000393.jpg 751,246,1023,612,0
Knife/train/Knife/level394_000000000394.jpg 3,85,1020,708,0
Knife/train/Knife/level395_000000000395.jpg 246,0,627,402,0
Knife/train/Knife/level396_000000000396.jpg 65,72,924,722,0
Knife/train/Knife/level397_000000000397.jpg 41,13,996,651,0
Knife/train/Knife/level398_000000000398.jpg 123,44,314,975,0
Knife/train/Knife/level399_000000000399.jpg 135,31,955,597,0
Knife/train/Knife/level400_000000000400.jpg 84,3,1023,1023,0
Knife/train/Knife/level401_000000000401.jpg 179,440,652,966,0
Knife/train/Knife/level402_000000000402.jpg 85,166,952,660,0
Knife/train/Knife/level403_000000000403.jpg 20,166,999,600,0 54,437,993,629,0
Knife/train/Knife/level404_000000000404.jpg 638,113,1023,248,0
Knife/train/Knife/level405_000000000405.jpg 325,58,923,682,0
Knife/train/Knife/level406_000000000406.jpg 24,50,1006,707,0
Knife/train/Knife/level407_000000000407.jpg 24,23,767,849,0
Knife/train/Knife/level408_000000000408.jpg 208,284,521,848,0 550,323,681,752,0
Knife/train/Knife/level409_000000000409.jpg 0,39,991,680,0
Knife/train/Knife/level410_000000000410.jpg 70,150,692,730,0
Knife/train/Knife/level411_000000000411.jpg 75,742,971,856,0 77,606,1023,731,0 90,208,895,314,0 90,449,1023,585,0 98,88,868,216,0 108,317,920,446,0
Knife/train/Knife/level412_000000000412.jpg 74,76,942,715,0
Knife/train/Knife/level413_000000000413.jpg 117,172,874,679,0
Knife/train/Knife/level414_000000000414.jpg 88,59,956,722,0
Knife/train/Knife/level415_000000000415.jpg 31,0,1010,612,0 41,96,930,590,0
Knife/train/Knife/level416_000000000416.jpg 197,0,1022,209,0 346,98,830,257,0
Knife/train/Knife/level417_000000000417.jpg 93,101,926,695,0
Knife/train/Knife/level418_000000000418.jpg 85,76,928,711,0
Knife/train/Knife/level419_000000000419.jpg 104,81,972,706,0
Knife/train/Knife/level420_000000000420.jpg 645,226,1023,297,0
Knife/train/Knife/level421_000000000421.jpg 314,32,561,974,0
Knife/train/Knife/level422_000000000422.jpg 31,118,1009,379,0
Knife/train/Knife/level423_000000000423.jpg 108,276,714,765,0
Knife/train/Knife/level424_000000000424.jpg 195,798,358,999,0
Knife/train/Knife/level425_000000000425.jpg 72,133,942,620,0
Knife/train/Knife/level426_000000000426.jpg 64,98,952,715,0
Knife/train/Knife/level427_000000000427.jpg 28,97,945,712,0
Knife/train/Knife/level428_000000000428.jpg 92,47,935,722,0
Knife/train/Knife/level429_000000000429.jpg 99,101,961,672,0
Knife/train/Knife/level430_000000000430.jpg 98,315,956,457,0
Knife/train/Knife/level431_000000000431.jpg 233,14,600,808,0 465,0,716,898,0
Knife/train/Knife/level432_000000000432.jpg 521,489,1022,1022,0
Knife/train/Knife/level433_000000000433.jpg 15,25,1011,997,0
Knife/train/Knife/level434_000000000434.jpg 601,16,990,704,0
Knife/train/Knife/level435_000000000435.jpg 62,123,999,657,0
Knife/train/Knife/level436_000000000436.jpg 297,75,449,763,0
Knife/train/Knife/level437_000000000437.jpg 313,211,633,555,0
Knife/train/Knife/level438_000000000438.jpg 3,51,1006,717,0
Knife/train/Knife/level439_000000000439.jpg 30,20,1022,695,0
Knife/train/Knife/level440_000000000440.jpg 346,314,590,467,0
Knife/train/Knife/level441_000000000441.jpg 74,80,988,729,0
Knife/train/Knife/level442_000000000442.jpg 17,70,1011,368,0
Knife/train/Knife/level443_000000000443.jpg 99,539,487,978,0
Knife/train/Knife/level444_000000000444.jpg 658,394,705,672,0 670,36,710,310,0
Knife/train/Knife/level445_000000000445.jpg 16,364,984,896,0
Knife/train/Knife/level446_000000000446.jpg 25,259,938,590,0 104,0,1023,292,0
Knife/train/Knife/level447_000000000447.jpg 125,233,917,406,0
Knife/train/Knife/level448_000000000448.jpg 124,11,765,777,0
Knife/train/Knife/level449_000000000449.jpg 327,35,732,928,0
Knife/train/Knife/level450_000000000450.jpg 41,289,1007,439,0
Knife/train/Knife/level451_000000000451.jpg 629,171,869,263,0
Knife/train/Knife/level452_000000000452.jpg 77,249,935,631,0
Knife/train/Knife/level453_000000000453.jpg 275,400,336,728,0
Knife/train/Knife/level454_000000000454.jpg 0,21,1003,680,0
Knife/train/Knife/level455_000000000455.jpg 113,215,896,320,0
Knife/train/Knife/level456_000000000456.jpg 351,394,768,653,0
Knife/train/Knife/level457_000000000457.jpg 11,0,187,825,0
Knife/train/Knife/level458_000000000458.jpg 26,11,1006,732,0
Knife/train/Knife/level459_000000000459.jpg 145,546,767,901,0
Knife/train/Knife/level460_000000000460.jpg 178,26,365,248,0
Knife/train/Knife/level461_000000000461.jpg 26,19,1008,663,0
Knife/train/Knife/level462_000000000462.jpg 5,31,1023,498,0
Knife/train/Knife/level463_000000000463.jpg 204,138,730,626,0
Knife/train/Knife/level464_000000000464.jpg 609,103,875,719,0
Knife/train/Knife/level465_000000000465.jpg 28,263,199,758,0
Knife/train/Knife/level466_000000000466.jpg 591,231,740,767,0 628,106,835,626,0 712,98,943,550,0 875,74,1023,476,0
Knife/train/Knife/level467_000000000467.jpg 587,153,692,471,0 693,142,774,474,0 765,154,906,453,0
Knife/train/Knife/level468_000000000468.jpg 113,62,1022,396,0
Knife/train/Knife/level469_000000000469.jpg 0,76,1023,422,0
Knife/train/Knife/level470_000000000470.jpg 131,55,894,673,0
Knife/train/Knife/level471_000000000471.jpg 43,85,979,684,0
Knife/train/Knife/level472_000000000472.jpg 67,71,1004,510,0
Knife/train/Knife/level473_000000000473.jpg 0,0,1006,658,0
Knife/train/Knife/level474_000000000474.jpg 0,3,449,126,0
Knife/train/Knife/level475_000000000475.jpg 8,267,920,417,0
Knife/train/Knife/level476_000000000476.jpg 0,0,1023,680,0
Knife/train/Knife/level477_000000000477.jpg 116,154,947,510,0
Knife/train/Knife/level478_000000000478.jpg 99,264,435,682,0 267,246,603,682,0 389,208,821,682,0 526,175,620,326,0 568,189,748,374,0 673,142,1023,440,0 737,388,1023,679,0 747,104,1012,150,0 910,202,1023,312,0
Knife/train/Knife/level479_000000000479.jpg 81,180,925,686,0
Knife/train/Knife/level480_000000000480.jpg 85,190,906,666,0
Knife/train/Knife/level481_000000000481.jpg 55,97,965,729,0
Knife/train/Knife/level482_000000000482.jpg 151,270,823,585,0
Knife/train/Knife/level483_000000000483.jpg 49,112,384,500,0
Knife/train/Knife/level484_000000000484.jpg 64,42,687,992,0
Knife/train/Knife/level485_000000000485.jpg 131,409,908,591,0 176,110,929,156,0 193,156,935,201,0 273,207,934,240,0 519,254,939,289,0 524,299,950,337,0
Knife/train/Knife/level486_000000000486.jpg 346,241,938,534,0
Knife/train/Knife/level487_000000000487.jpg 141,205,899,488,0
Knife/train/Knife/level488_000000000488.jpg 40,238,924,429,0
Knife/train/Knife/level489_000000000489.jpg 0,24,1023,664,0
Knife/train/Knife/level490_000000000490.jpg 18,44,1011,641,0
Knife/train/Knife/level491_000000000491.jpg 0,364,232,966,0
Knife/train/Knife/level492_000000000492.jpg 49,22,992,715,0
Knife/train/Knife/level493_000000000493.jpg 67,140,977,1012,0
Knife/train/Knife/level494_000000000494.jpg 487,513,1012,588,0
Knife/train/Knife/level495_000000000495.jpg 108,80,938,622,0
Knife/train/Knife/level496_000000000496.jpg 0,133,768,481,0
Knife/train/Knife/level497_000000000497.jpg 2,433,1023,597,0
Knife/train/Knife/level498_000000000498.jpg 266,26,677,981,0
Knife/train/Knife/level499_000000000499.jpg 14,259,1000,418,0 186,462,858,574,0
Knife/train/Knife/level500_000000000500.jpg 0,0,1001,714,0
Knife/train/Knife/level501_000000000501.jpg 324,163,870,627,0
Knife/train/Knife/level502_000000000502.jpg 90,231,597,462,0 428,217,922,474,0
Knife/train/Knife/level503_000000000503.jpg 0,214,997,552,0
Knife/train/Knife/level504_000000000504.jpg 60,151,970,679,0
Knife/train/Knife/level505_000000000505.jpg 115,61,947,729,0
Knife/train/Knife/level506_000000000506.jpg 77,473,1003,607,0
Knife/train/Knife/level507_000000000507.jpg 592,530,963,681,0
Knife/train/Knife/level508_000000000508.jpg 72,234,918,523,0
Knife/train/Knife/level509_000000000509.jpg 74,187,1023,481,0
Knife/train/Knife/level510_000000000510.jpg 80,542,926,715,0 89,320,942,473,0 98,59,943,234,0
Knife/train/Knife/level511_000000000511.jpg 71,421,438,680,0
Knife/train/Knife/level512_000000000512.jpg 438,44,681,262,0
Knife/train/Knife/level513_000000000513.jpg 82,167,918,628,0
Knife/train/Knife/level514_000000000514.jpg 193,142,1023,450,0
Knife/train/Knife/level515_000000000515.jpg 0,431,462,711,0
Knife/train/Knife/level516_000000000516.jpg 112,93,230,575,0
Knife/train/Knife/level517_000000000517.jpg 164,675,747,849,0
Knife/train/Knife/level518_000000000518.jpg 127,111,923,553,0
Knife/train/Knife/level519_000000000519.jpg 52,37,972,647,0
Knife/train/Knife/level520_000000000520.jpg 56,3,1023,215,0
Knife/train/Knife/level521_000000000521.jpg 2,49,654,512,0
Knife/train/Knife/level522_000000000522.jpg 217,132,760,176,0
Knife/train/Knife/level523_000000000523.jpg 67,122,956,704,0
Knife/train/Knife/level524_000000000524.jpg 66,562,1022,901,0
Knife/train/Knife/level525_000000000525.jpg 862,334,958,767,0
Knife/train/Knife/level526_000000000526.jpg 67,28,382,954,0
Knife/train/Knife/level527_000000000527.jpg 807,208,922,585,0
Knife/train/Knife/level528_000000000528.jpg 0,233,1023,581,0
Knife/train/Knife/level529_000000000529.jpg 35,252,1017,436,0
Knife/train/Knife/level530_000000000530.jpg 77,74,225,445,0
Knife/train/Knife/level531_000000000531.jpg 33,461,936,559,0 348,257,876,329,0
Knife/train/Knife/level532_000000000532.jpg 830,138,991,657,0
Knife/train/Knife/level533_000000000533.jpg 155,36,582,929,0
Knife/train/Knife/level534_000000000534.jpg 400,49,668,1015,0
Knife/train/Knife/level535_000000000535.jpg 70,747,494,1021,0
Knife/train/Knife/level536_000000000536.jpg 30,0,1023,664,0
Knife/train/Knife/level537_000000000537.jpg 42,80,354,460,0 98,220,424,662,0 402,353,988,933,0 672,566,957,896,0
Knife/train/Knife/level538_000000000538.jpg 67,117,944,730,0
Knife/train/Knife/level539_000000000539.jpg 26,55,1023,353,0 136,188,545,298,0 191,227,941,403,0
Knife/train/Knife/level540_000000000540.jpg 216,426,465,797,0
Knife/train/Knife/level541_000000000541.jpg 260,96,658,611,0
Knife/train/Knife/level542_000000000542.jpg 515,731,668,912,0
Knife/train/Knife/level543_000000000543.jpg 156,80,924,680,0
Knife/train/Knife/level544_000000000544.jpg 423,467,673,646,0
Knife/train/Knife/level545_000000000545.jpg 240,122,1000,341,0
Knife/train/Knife/level546_000000000546.jpg 129,47,901,663,0
Knife/train/Knife/level547_000000000547.jpg 109,167,706,441,0
Knife/train/Knife/level548_000000000548.jpg 15,0,1023,648,0
Knife/train/Knife/level549_000000000549.jpg 236,89,795,727,0
Knife/train/Knife/level550_000000000550.jpg 220,151,927,536,0
Knife/train/Knife/level551_000000000551.jpg 0,257,678,764,0
Knife/train/Knife/level552_000000000552.jpg 58,383,960,526,0 61,176,960,320,0
Knife/train/Knife/level553_000000000553.jpg 128,282,935,437,0
Knife/train/Knife/level554_000000000554.jpg 168,151,849,691,0
Knife/train/Knife/level555_000000000555.jpg 119,651,878,796,0
Knife/train/Knife/level556_000000000556.jpg 76,35,725,966,0
Knife/train/Knife/level557_000000000557.jpg 335,226,640,456,0
Knife/train/Knife/level558_000000000558.jpg 26,22,1001,660,0
Knife/train/Knife/level559_000000000559.jpg 484,543,582,605,0 548,629,731,651,0
Knife/train/Knife/level560_000000000560.jpg 48,135,881,680,0 571,353,970,680,0
Knife/train/Knife/level561_000000000561.jpg 51,120,1004,684,0
Knife/train/Knife/level562_000000000562.jpg 420,14,1023,337,0
Knife/train/Knife/level563_000000000563.jpg 17,13,1008,671,0
Knife/train/Knife/level564_000000000564.jpg 84,342,716,699,0 329,366,856,787,0
Knife/train/Knife/level565_000000000565.jpg 33,14,1022,682,0
Knife/train/Knife/level566_000000000566.jpg 0,150,1023,641,0
Knife/train/Knife/level567_000000000567.jpg 56,72,951,723,0
Knife/train/Knife/level568_000000000568.jpg 204,300,792,585,0
Knife/train/Knife/level569_000000000569.jpg 26,17,1002,664,0
Knife/train/Knife/level570_000000000570.jpg 19,78,855,340,0 92,227,971,558,0
Knife/train/Knife/level571_000000000571.jpg 79,275,487,471,0 95,507,583,782,0 97,329,516,544,0 97,420,546,664,0
Knife/train/Knife/level572_000000000572.jpg 28,24,1004,661,0
Knife/train/Knife/level573_000000000573.jpg 0,598,708,1013,0 63,38,636,443,0
Knife/train/Knife/level574_000000000574.jpg 0,0,278,293,0
Knife/train/Knife/level575_000000000575.jpg 570,24,741,622,0
Knife/train/Knife/level576_000000000576.jpg 912,292,1023,708,0
Knife/train/Knife/level577_000000000577.jpg 346,225,656,545,0 408,188,744,488,0 506,133,818,461,0 562,91,886,404,0 650,69,988,340,0
Knife/train/Knife/level578_000000000578.jpg 696,458,769,975,0
Knife/train/Knife/level579_000000000579.jpg 49,87,958,731,0
Knife/train/Knife/level580_000000000580.jpg 31,0,1023,638,0
Knife/train/Knife/level581_000000000581.jpg 72,249,419,394,0
Knife/train/Knife/level582_000000000582.jpg 0,5,837,467,0
Knife/train/Knife/level583_000000000583.jpg 844,60,1011,980,0
Knife/train/Knife/level584_000000000584.jpg 500,130,584,345,0 948,36,1023,257,0
Knife/train/Knife/level585_000000000585.jpg 92,379,612,518,0 294,444,908,1006,0
Knife/train/Knife/level586_000000000586.jpg 261,294,785,735,0
Knife/train/Knife/level587_000000000587.jpg 30,18,1002,658,0
Knife/train/Knife/level588_000000000588.jpg 36,22,997,655,0
Knife/train/Knife/level589_000000000589.jpg 129,56,897,655,0
Knife/train/Knife/level590_000000000590.jpg 19,8,1023,671,0
Knife/train/Knife/level591_000000000591.jpg 64,504,307,671,0
Knife/train/Knife/level592_000000000592.jpg 0,412,269,709,0
Knife/train/Knife/level593_000000000593.jpg 0,160,968,391,0
Knife/train/Knife/level594_000000000594.jpg 276,645,768,821,0
Knife/train/Knife/level595_000000000595.jpg 284,480,598,948,0
Knife/train/Knife/level596_000000000596.jpg 469,877,593,982,0
Knife/train/Knife/level597_000000000597.jpg 0,619,669,766,0
Knife/train/Knife/level598_000000000598.jpg 148,163,720,659,0 195,1,430,758,0
Knife/train/Knife/level599_000000000599.jpg 88,0,691,310,0 246,54,687,624,0 776,90,1023,381,0
Knife/train/Knife/level600_000000000600.jpg 39,9,983,346,0 101,362,988,733,0
Knife/train/Knife/level601_000000000601.jpg 30,20,997,657,0
Knife/train/Knife/level602_000000000602.jpg 130,168,900,529,0
Knife/train/Knife/level603_000000000603.jpg 103,396,330,640,0
Knife/train/Knife/level604_000000000604.jpg 113,61,933,688,0
Knife/train/Knife/level605_000000000605.jpg 161,128,842,684,0
Knife/train/Knife/level606_000000000606.jpg 53,135,1023,664,0
Knife/train/Knife/level607_000000000607.jpg 97,44,940,698,0
Knife/train/Knife/level608_000000000608.jpg 19,17,950,352,0 71,526,1004,859,0
Knife/train/Knife/level609_000000000609.jpg 120,105,886,614,0
